%YAML:1.2
---
header: 
  seq: 4
  stamp: 
    secs: 1544008740
    nsecs: 195117366
  frame_id: "map"
pose: 
  pose: 
    position: 
      x: 0.994819760323
      y: 1.0112901926
      z: 0.0
    orientation: 
      x: 0.0
      y: 0.0
      z: 0.707106781187
      w: 0.707106781187
  covariance: [0.25, 0.0, 0.0, 0.0, 0.0, 0.0, 0.0, 0.25, 0.0, 0.0, 0.0, 0.0, 0.0, 0.0, 0.0, 0.0, 0.0, 0.0, 0.0, 0.0, 0.0, 0.0, 0.0, 0.0, 0.0, 0.0, 0.0, 0.0, 0.0, 0.0, 0.0, 0.0, 0.0, 0.0, 0.0, 0.06853891945200942]
